# Dolby Vision Display Management Configuration File
# Date : 05/29/2023
# Brand Model Number: Legion Tab Y700 Lenovo TB320FC

[Global]
DMSwVersion = 4.0
Tmax = 500
Tmin = 0.1
TPrimaries = 0.6798 0.3187 0.2584 0.6784 0.1389 0.0641 0.2942 0.3095

TEOTF = POWER
Tgamma = 2.3

RGB2YCCmat=0.2249515012 0.5805731287 0.0507803555 -0.1222960562 -0.3156316076 0.4379276637 0.4379276637 -0.4027047292 -0.0352229345
RGB2YCCOffsetNorm=0.0625 0.5 0.5

TScreenReflection = 0.0005
TSourroundReflection = 0.2
ALDelayMilliSec = 10
ALResponseFall = 0.2
ALResponseRise = 0.06
ALOperationalRate = 50
TFrontLux = 500
TFrontLuxScale = 1
ALThreshold  = 0.05

[PictureMode = 0]
PictureModeName = Dolby Vision Bright
Tmax = 200
Ambient = 8

[PictureMode = 1]
PictureModeName = Dolby Vision Vivid
Tmax = 200
Ambient = 8
DSaturation = 0.2
DContrast = 0.2

[PictureMode = 2]
PictureModeName = Dolby Vision Cinema
Tmax = 500
Ambient = 0
